# idx_agent, n_neighbours_in, indices_neighbours_in[...], weights_in[...]
    0,    11,     4,     6,    55,    72,    74,   148,   152,   179,   181,   190,     0,        0.1402643512661049,        0.1468037196207369,      0.012008127804836566,       0.08613173077157503,       0.05449520667963379,       0.15907138940973842,      0.059618241879616486,        0.1288732459170571,       0.05861648269504178,       0.14988547198685845,      0.004232031968800482
    1,    11,    16,    45,    47,    55,    81,    88,   102,   103,   158,   182,     1,       0.17698010833625547,       0.14347778103118866,       0.17425598435971748,       0.06396045807864012,       0.17332487321608214,        0.1383354790642298,      0.004200960923945869,       0.00391985631056918,       0.09123448200209153,      0.020817281871034505,       0.00949273480624523
    2,    11,     1,    46,    50,    63,    73,    90,   109,   118,   143,   145,     2,        0.1363141078979873,       0.11333808166905919,       0.01710263137508571,         0.115698667888319,       0.11530317643983334,       0.11841215197056346,       0.12268719988689827,      0.018056940739575054,        0.1331025702850694,       0.05184420528854589,       0.05814026655906331
    3,    11,    13,    27,    32,    46,    80,    85,    93,   162,   182,   192,     3,      0.040229917879952934,       0.15188528299273774,       0.01714294650307302,        0.0926243323264301,       0.14388567622930307,       0.09352826028479681,      0.061197267834543226,       0.09255806431493106,       0.13530469488748254,       0.08257549795245396,       0.08906805879429551
    4,    11,    13,    61,    62,    64,    66,    92,    94,   109,   117,   118,     4,       0.07289056060380843,      0.024940511596525907,       0.08494178348715026,       0.13474300052831265,       0.06666958915235187,       0.14633008508365833,        0.1397032386794243,      0.051819016495352976,       0.09659905256952864,        0.1033202424581871,       0.07804291934569946
    5,    11,     6,    19,    36,    49,    74,    90,   140,   154,   164,   199,     5,       0.12972154021431298,       0.11138632603844323,       0.09517724742609453,       0.12660179717524128,       0.03594536426960919,       0.07515233984665957,       0.10610441413202487,     0.0034488792173613223,       0.10750499260305542,       0.09006697981716238,       0.11889011926003519
    6,    11,    10,    33,    38,    41,    43,    66,    90,   105,   159,   178,     6,      0.002419921734314596,       0.14981490692614058,       0.15867169997228475,       0.13035001284798597,       0.09970454575281337,      0.026082187376722472,        0.0685262204962313,       0.01855386586557423,       0.05664426790820973,       0.16144544622258666,       0.12778692489713636
    7,    11,     9,    13,    51,    93,    96,   105,   119,   128,   136,   145,     7,       0.10238829768546608,       0.10221911951245966,       0.12241554322986492,       0.09111502219184882,       0.12007104317231913,      0.024795022307099544,       0.10893607260411985,       0.08181335126862921,       0.07000370571301243,       0.06422865778434653,       0.11201416453083379
    8,    11,    23,    59,    70,    71,    82,    88,   123,   144,   186,   189,     8,       0.06671275101088285,       0.16877000175187906,       0.09834594702395279,       0.18579694321290632,       0.11823340284106018,       0.11788005043435043,      0.027405228814176796,       0.16852945652080742,       0.03402693920352093,      0.011631592737688422,      0.002667686448775107
    9,    11,   102,   128,   144,   152,   161,   172,   173,   180,   186,   187,     9,       0.05873805211872787,       0.06105948339642331,       0.10057836783357642,       0.10754203889351388,        0.0397695781272067,        0.0679219357791522,       0.07452036035087427,       0.11505362016285305,       0.10652210255264878,       0.10924625015032105,        0.1590482106347024
   10,    11,    41,    51,    70,    76,   101,   124,   138,   143,   165,   184,    10,       0.16153581954062066,      0.006326044107136123,       0.02006519815038689,       0.05788466247595979,       0.03908151500520177,       0.12173291519511142,       0.15502217303350302,        0.1707707321848549,      0.010212155523038014,        0.0954068534507142,       0.16196193133347309
   11,    11,    22,    27,    42,    72,    80,    89,    97,   176,   185,   199,    11,       0.06064828607703059,       0.15336321618423085,       0.09986308994567145,       0.07333936311949253,       0.05834682303472055,       0.14105262839389465,       0.14747205602727878,        0.1078727114321723,      0.041175710168272074,      0.014134521316336216,           0.1027315943009
   12,    11,     7,    20,    35,    45,    47,    58,    85,   125,   138,   197,    12,       0.12662845534192232,       0.03242218647903859,       0.10834017082979684,       0.11968889146504516,       0.13929050316410985,       0.13913358314055035,     0.0058994363370652005,      0.015039128641120053,        0.1133767835669162,       0.11573823692457999,       0.08444262410985537
   13,    11,    49,    69,    70,    80,   116,   131,   138,   140,   150,   163,    13,       0.09387295652036487,       0.06445635314625511,        0.1069602312796676,      0.050633124685549626,       0.13128630836635133,       0.14254180640190012,       0.13215779676504424,       0.06809393680806636,       0.13359941123991603,       0.05025387877077307,      0.026144196016111718
   14,    11,    30,    36,    40,    61,   102,   121,   146,   156,   186,   189,    14,        0.1397012460626615,        0.0750077615862993,       0.10704701548688562,      0.059339309594421505,       0.07595997878853486,        0.1489603041653553,       0.12129506107149753,        0.1557284148589644,     0.0063021896813919565,      0.014843297184937869,       0.09581542151905019
   15,    11,    51,    98,   104,   105,   107,   146,   148,   154,   157,   197,    15,       0.11102886332375508,       0.10606041916784831,       0.08077429994825311,       0.08437105282625078,       0.06910542719073497,       0.08548798333322231,        0.1211253221959234,     0.0008677256998342598,       0.13088891817053364,       0.08150220726975387,       0.12878778087389023
   16,    11,    33,    35,    55,    72,    74,   109,   132,   138,   174,   185,    16,       0.07708406276713775,       0.14289092790575073,       0.14385338487955618,      0.011721365235631753,       0.08996569726625787,       0.14596037132663334,       0.13167447405193955,      0.031649084519261995,       0.08621114204843468,       0.08094932464641352,       0.05804016535298272
   17,    11,    11,    34,    37,    68,    74,    75,    79,    98,   135,   173,    17,      0.025918213253304238,       0.18924929774202945,        0.0715457918596468,       0.06787209156312267,      0.030255285407428004,       0.03736650653029858,       0.03247647018839144,       0.03976955440081528,       0.15000241669876926,        0.1961442491833588,       0.15940012317283542
   18,    11,     8,    12,    44,    57,    58,   129,   139,   142,   149,   193,    18,       0.03751806259561254,       0.13411373148406885,       0.09643878236833948,       0.13528141781916084,       0.06861229630629284,       0.10561271317281291,       0.13283160322346016,       0.09951590683942084,        0.0934241499850069,        0.0924444367216878,      0.004206899484136908
   19,    11,     9,    12,    15,    20,    31,    40,   106,   110,   132,   163,    19,       0.08784667641240157,       0.03673206088320589,       0.14334271684478134,      0.023084081761541253,      0.033632555364709125,       0.14961734247873718,        0.1313007355161995,       0.13627678903699944,      0.020338351344506726,       0.14988688355095112,       0.08794180680596668
   20,    11,     2,    11,    27,    53,    66,    67,   116,   119,   120,   174,    20,       0.10345488698362411,       0.02110696498356601,        0.1462384667480376,       0.11214758062583255,      0.006614838484795768,       0.07126600237206818,       0.06949012795115457,       0.15716839092221765,       0.08448130546220786,       0.18180746630920294,       0.04622396915729282
   21,    11,    14,    28,    34,    40,   101,   125,   136,   171,   176,   197,    21,       0.14181791236498234,      0.019094666364245883,       0.13063281889022205,       0.14233865830901024,       0.03050071969944465,       0.11997203463198967,        0.1183721011840954,       0.09178085538647535,       0.06841458329159356,       0.06391200271241439,       0.07316364716552645
   22,    11,     0,    30,    36,    52,    66,    79,    80,   130,   151,   170,    22,        0.1385402945064895,       0.14026492465439594,       0.13696320791373287,      0.024133461627412433,        0.0532209894696786,       0.15764947405384036,      0.029984971593992382,      0.024461329918673495,       0.08580152260378877,       0.07467568597631372,        0.1343041376816819
   23,    11,    31,    45,    56,    57,    79,   151,   165,   172,   185,   188,    23,       0.10240497788228149,        0.1771431222811546,       0.03674791592567194,     0.0029570754526115285,        0.0706983402934804,       0.05205954249395327,       0.16121706044706982,       0.09417347561898574,      0.022935306475843003,        0.1361692457815911,       0.14349393734735713
   24,    11,     6,     7,    38,    53,    59,   101,   133,   144,   165,   174,    24,     0.0025919556336231483,       0.07758998658529354,        0.0686467974499803,       0.09845403032158116,        0.1972915805714125,      0.008338429112275303,       0.17015808423602882,       0.04173017072793259,       0.06479039411607732,       0.15348552835765514,       0.11692304288814025
   25,    11,    20,    34,    89,    97,   114,   118,   137,   139,   145,   187,    25,      0.029792310396429773,       0.08559472208082193,       0.14300944405365687,      0.037149637968769064,      0.017612904137194272,       0.18610348386553818,        0.1987494055788897,       0.13378255578156056,      0.028099848124007634,       0.07353802747502203,          0.06656766053811
   26,    11,    18,    53,    65,    86,    94,    99,   103,   150,   158,   170,    26,       0.12510625048623505,     0.0065109161057466305,          0.08747429334497,       0.09557319507151942,       0.14589453598317575,       0.14618611391125433,       0.07406623010256425,       0.06727046265173584,        0.0739300157715468,       0.08130601665917285,        0.0966819699120792
   27,    11,     0,    19,    69,    74,    83,    87,   114,   156,   164,   190,    27,       0.15612160380368065,       0.08634854097001776,        0.1432054797969563,       0.11973673415896399,       0.06672381822969177,      0.036457692187887976,       0.09832664352116012,       0.08618375666972812,       0.03205882535100792,       0.12972914336778057,       0.04510776194312495
   28,    11,     6,    12,    34,    59,   103,   105,   108,   135,   172,   180,    28,      0.020342180723187706,       0.06549515658264277,       0.06299280781373731,       0.04710708721664059,         0.195319762906719,     0.0027549139782200084,     0.0002713237803707061,       0.17521222496919575,       0.20626674142720142,        0.2043668296115597,       0.01987097099052498
   29,    11,    12,    28,    58,    63,    67,    76,    99,   103,   134,   191,    29,       0.02579901569642774,     0.0045957673020402745,      0.009944424430698023,       0.17367241112136375,       0.06319898726987272,       0.08616678408951073,       0.15256049652909473,         0.091129766820105,        0.0930888954264163,        0.1533676724301616,       0.14647577888430915
   30,    11,     5,     9,    16,    37,    58,   127,   170,   177,   181,   197,    30,      0.036662001665666036,       0.01402145177971148,       0.07695970754850734,      0.026144059776008463,        0.1931263162194296,       0.12425003423144172,      0.052759614567179196,       0.08276694479375557,       0.06329182499243108,      0.022539106878795727,       0.30747893754707384
   31,    11,     6,    17,    38,    45,    58,    77,   103,   112,   168,   172,    31,       0.08214801569336741,       0.09337103715974251,       0.11265489084020593,       0.08941436517934717,      0.055433781404825404,       0.13518125741785791,     0.0024330563193982113,       0.05334380569142301,       0.17428509317112628,      0.056363680508275706,       0.14537101661443058
   32,    11,    24,    38,    45,    94,   119,   158,   168,   188,   190,   194,    32,       0.07231951236168535,      0.050812279107315214,       0.12797069614614787,      0.045838757710077796,      0.037388181154575324,        0.0925468430689659,       0.13321442928302907,       0.10436971616437866,       0.13480759164668776,        0.0767892976552952,       0.12394269570184185
   33,    11,    34,    45,    47,    65,    77,   115,   128,   135,   144,   151,    33,       0.07519612585249096,       0.19987515679682677,       0.05479295916937863,       0.06456724270481418,     0.0021229738232294106,       0.07688690660883633,       0.17923932889024458,       0.06059653771499288,       0.07045045239364363,       0.18853365721610826,      0.027738658829434427
   34,    11,    35,    39,    45,    47,    71,    91,    95,   115,   159,   195,    34,       0.18518826859325238,      0.007399281002598216,        0.0904217213281583,       0.09674211592492808,        0.1469561818095184,       0.07278635411265927,       0.07455984174501534,        0.0631237321464273,       0.10659246677600227,       0.08312084895917513,       0.07310918760226513
   35,    11,     0,    49,    64,    74,    80,    96,    98,   116,   178,   183,    35,       0.08436216777382599,       0.12003580831404095,       0.11764660565259982,       0.04180251250023832,       0.12818533592124512,       0.12272897711982624,       0.11403135581627999,      0.004641629778745414,       0.07800172638857819,       0.13546645304990818,       0.05309742768471187
   36,    11,     8,    13,    23,    35,    76,    94,   117,   146,   154,   177,    36,       0.16213818287425302,       0.12900026440290485,       0.08679664949600387,       0.05776589608044906,       0.07056373681832334,       0.05136579362262107,       0.05322165968695538,       0.13621316959153104,      0.041865053379965766,       0.12024667706257697,       0.09082291698441565
   37,    11,    11,    69,    80,   103,   110,   133,   147,   161,   164,   180,    37,       0.11313807897766008,     0.0010129127821009055,       0.13901214580744775,       0.07501150383591065,       0.12941036715916848,        0.1462222221624352,      0.060876894175041864,       0.06942969363968707,       0.09649755007007227,       0.08769795211108722,       0.08169067927938838
   38,    11,    10,    95,    99,   103,   127,   129,   167,   171,   182,   191,    38,         0.169640754807043,       0.10443295923585945,       0.12244344129380291,        0.0721224246648088,       0.08351562951334168,       0.03850394674200834,       0.18126417842787637,       0.02112967822550865,      0.058707476793888026,        0.1353438276763629,      0.012895682619499929
   39,    11,    11,    36,    56,    81,    91,   151,   163,   164,   190,   196,    39,       0.02895240289816399,       0.09985560923103273,       0.14659014114199814,        0.0760270528249874,       0.15340404925938836,       0.04115331279353142,       0.18733084458725885,      0.011897719129837432,       0.03955110256632013,        0.1483914381573854,       0.06684632741009605
   40,    11,    19,    42,    43,    49,    68,    93,   124,   128,   164,   194,    40,      0.022407528653362808,        0.1393607446323244,       0.07841996534685743,        0.1541029972035396,       0.12111145465392834,       0.14094277869551136,        0.0955520257324663,      0.033226621452044525,      0.047963449405137165,         0.111152187034263,       0.05576024719056503
   41,    11,    45,    58,    59,    93,    96,    99,   154,   176,   178,   196,    41,      0.041474205801713876,       0.14077923105796927,       0.15361474131207672,       0.05898120349692721,       0.11058745515792721,       0.13831048605992036,       0.05730832950028084,       0.05219679147207853,       0.06100965569524111,       0.14058793089265148,       0.04514996955321345
   42,    11,    12,    13,    17,    60,   129,   149,   150,   169,   174,   185,    42,        0.1374709052804943,       0.07812645443229888,        0.1032739265923081,       0.04423528382049313,       0.12138368790021915,      0.030341721730461322,      0.025326155469903223,        0.1015299933444037,       0.06318641809303759,       0.13981091524497602,       0.15531453809140475
   43,    11,    17,    19,    54,    78,    86,   124,   140,   153,   176,   178,    43,       0.15389154697536003,      0.015713631696579206,       0.11256980955684795,      0.002292622153462462,       0.06714359253785916,      0.023559644936477216,       0.13996482031984617,       0.09553654091348167,       0.13974866724343682,       0.10806922252831531,       0.14150990113833398
   44,    11,    17,    23,    45,    58,    72,    81,    85,   123,   173,   187,    44,       0.07412112853924274,         0.039035672636833,       0.13089422869582124,        0.1354011783262018,      0.004443631411279032,         0.083717446912895,      0.008515692588673593,       0.15547756310317074,       0.14969349085828448,       0.06960857405065388,       0.14909139287694445
   45,    11,     4,    23,    52,    60,    62,    99,   120,   143,   158,   196,    45,         0.130560712702378,       0.08545992857227436,       0.06416651836275133,      0.061065841042129074,       0.12983902442822676,     0.0035520637072933596,       0.16522745282922618,       0.08680376229432735,       0.11210836900463027,      0.048923622878294964,       0.11229270417846825
   46,    11,     4,    22,    26,    35,    66,   115,   127,   157,   163,   168,    46,       0.03890928617052662,       0.12750590367461873,      0.021994313266168578,       0.11402177626649819,        0.0793571479658331,       0.03510722728135556,       0.13095024165177502,       0.11476344224023027,       0.09477952776656541,       0.11528456065189611,       0.12732657306453235
   47,    11,     9,    16,    40,    50,    58,    62,   152,   158,   168,   180,    47,       0.10905432519379946,       0.02807638239844436,       0.12541788141202537,       0.19818389509725007,       0.03955292531474318,       0.05298339091712421,       0.07224661788307936,       0.05280376735808825,       0.11123335235852581,       0.19301398528496766,      0.017433476781952225
   48,    11,     0,    46,    49,    76,    89,    99,   154,   180,   193,   196,    48,       0.07483092495841441,       0.09785050369587021,       0.13881055187327151,      0.026527094542537856,       0.09016992821683488,       0.12459166869756559,      0.027646422828935993,        0.0929657498308858,        0.1338194340403867,       0.07174254372321555,       0.12104517759208148
   49,    11,    10,    33,    63,   127,   155,   161,   168,   180,   194,   198,    49,       0.09347097814773264,       0.12293138876147483,      0.018598424534843432,       0.09059578243085027,       0.13781193420290047,      0.015615328376567024,      0.013849311406293432,       0.13123826548320713,       0.11996989325572499,        0.1182017190500108,       0.13771697435039504
   50,    11,    15,    21,    39,    40,    46,    58,    65,    70,    87,   169,    50,       0.10437443610375377,        0.1688756885648399,       0.10242430023258182,       0.12268317580440856,       0.06294650098116356,       0.06610404647338669,      0.047423229397618644,       0.11250756352485913,        0.0698513384232304,       0.06925207076896514,       0.07355764972519235
   51,    11,     5,     8,    33,    44,    67,    89,   105,   106,   157,   178,    51,       0.07021699383707129,       0.11061060855781987,       0.03155400224237977,       0.04355527493828555,       0.13881930729602707,      0.034278203855658294,        0.1819143278076365,        0.1265123763887166,        0.1480980807479543,       0.08790303520279358,      0.026537789125657307
   52,    11,    24,    36,    42,    59,    69,    86,   101,   129,   158,   185,    52,          0.15594164846353,        0.1180818459450016,       0.09843535339355436,        0.0989049230294543,       0.06541077551868428,      0.015179194738459216,        0.1243510515312026,      0.004979046276265108,       0.09621137201816389,        0.0760365329926711,       0.14646825609301345
   53,    11,    15,    42,    59,   111,   119,   134,   140,   166,   173,   183,    53,       0.11629463237075542,       0.03970973385390441,       0.08354701660199836,       0.09820777463631078,        0.0868328857044104,       0.11353434974095251,        0.1078988104473221,        0.1462757084617868,       0.07440885421014304,       0.01449049285717469,       0.11879974111524161
   54,    11,    19,    42,    60,    63,    65,    75,    79,    94,   122,   134,    54,       0.16506023175522858,       0.07880213938035996,       0.07269334151428518,        0.1012185667598026,       0.12702561321656486,      0.018023036685773517,       0.07207061473988696,      0.014528093756398979,       0.01898875556655388,       0.16075121355053867,       0.17083839307460677
   55,    11,     7,    22,    26,    63,    80,   101,   107,   119,   135,   167,    55,       0.14988167524284118,       0.02136628234965395,       0.16503099938268975,      0.004651687012098487,       0.17447688978767648,       0.07510352006497203,      0.027680920344919063,       0.11753601311352678,       0.07949596748951361,      0.009660153089266819,        0.1751158921228418
   56,    11,    21,    25,    55,    62,    75,    90,   102,   159,   183,   185,    56,       0.14634933072478973,       0.07751572385742257,       0.18736200807090267,       0.13377721346606208,       0.06838195236053808,       0.04911436496484383,       0.08710582935772855,       0.05709736672552409,     0.0014758995711583432,       0.03708179267622071,       0.15473851822480922
   57,    11,     2,    10,    71,   105,   106,   115,   118,   127,   155,   193,    57,       0.10942906209869935,       0.05172082097336998,       0.04550326755975351,       0.11644286244233926,       0.08178776438853617,        0.1398063686077373,       0.10843333559718692,        0.1373317781161507,      0.017566093665352386,       0.06648598405123195,       0.12549266249964264
   58,    11,     7,    26,    27,    49,    84,    87,   116,   153,   166,   174,    58,      0.029334254886702875,      0.007936646173810078,      0.023998978265672693,       0.08218822211302025,       0.05073143598272209,       0.13974759882257493,        0.1785068073481206,       0.08506148877479412,       0.15469134245056898,       0.13814562254809296,       0.10965760263392046
   59,    11,    27,    36,    47,    53,    55,    68,   107,   136,   182,   189,    59,        0.0458328633279969,        0.1191802728109944,       0.12688441148974836,       0.10823649488147287,       0.11447723203231489,       0.08993892984505125,       0.10316797870738327,        0.0982988750133269,       0.06033603554586176,      0.014993299166434803,       0.11865360717941464
   60,    11,     7,    11,    31,    34,    52,    61,    66,   113,   124,   137,    60,       0.06714166655581466,       0.08810014048995653,       0.11976668059746388,       0.10523949275448623,       0.14590384485255914,       0.10871298630239887,       0.12599323724923875,       0.05511828775158657,       0.08426586385802544,      0.062169380135960385,       0.03758841945250963
   61,    11,    13,    74,    89,   124,   132,   138,   169,   177,   186,   192,    61,       0.16430284452719268,       0.05871443770389643,       0.06811672846588701,        0.1680833872457625,     0.0013351968411694322,        0.1302010090253984,       0.08813252049934572,        0.1621805586506646,      0.011155213454010098,        0.0177680941101246,       0.13001000947654862
   62,    11,    22,    26,    27,    53,    72,    76,    97,   123,   129,   188,    62,     0.0023379530907279553,       0.07652766073505793,       0.13985174941252404,       0.11490007447171117,       0.03182974037599272,       0.06195281111399975,       0.07722909832623136,       0.14357146721004713,       0.14579667433693916,       0.09983149494967444,       0.10617127597709435
   63,    11,    14,    23,    32,    46,    95,   123,   143,   147,   154,   180,    63,       0.13582987660042944,       0.07825807375792816,       0.15670222456835706,       0.02081590463558913,       0.10676143163844423,      0.006056221024842333,      0.044386130384552115,       0.11556221976845629,       0.12898932043045605,      0.016964787722657654,       0.18967380946828755
   64,    11,    38,    39,    70,    74,    96,   113,   115,   179,   182,   199,    64,       0.16363207585044987,      0.014545183016672238,       0.11566100809935383,       0.11998843026690857,      0.033056695144479425,       0.04268064300439662,       0.11065135126545703,       0.15480698418161026,       0.12165397288465432,       0.08937230357240725,       0.03395135271361049
   65,    11,    68,    71,    77,    80,    83,   148,   158,   161,   198,   199,    65,      0.030468679532864897,       0.07989726267581428,       0.09052175924510468,       0.01361494856089455,       0.14652859945144908,       0.07250600158392526,       0.12764510936120393,       0.13433575017379545,       0.07990192524753123,       0.11839567971945453,        0.1061842844479622
   66,    11,    40,    44,    72,   141,   164,   175,   176,   179,   192,   194,    66,        0.0388368160514552,       0.09043123820875343,       0.05001816067537924,       0.18402003896675762,       0.12261432604563638,       0.08183959565323082,      0.024501544094590065,       0.10344308500786685,       0.09556393958814018,        0.1601251622832265,       0.04860609342496382
   67,    11,    32,    47,    72,    75,   105,   118,   129,   133,   153,   163,    67,       0.07130094581268015,       0.14325475462456938,       0.03256371364542851,      0.032239450331411616,       0.17835167080602876,       0.11497947186253744,       0.02330916451453188,      0.016504912169773938,       0.15701785226350626,       0.16192241487700354,       0.06855564909252858
   68,    11,     3,    14,    26,    61,    71,    78,   112,   177,   179,   197,    68,       0.12916014475644783,       0.12878548471257809,       0.11864467029933398,       0.06515311385743035,      0.040798558597189206,       0.13718838985641127,        0.1101500546362394,       0.11299573815604322,      0.043239634202754486,       0.11065095576253736,        0.0032332551630349
   69,    11,    41,    48,    50,    60,    87,   105,   113,   175,   194,   195,    69,       0.10327714566051821,      0.025257310277795215,       0.11153891564669756,       0.11496451353324794,       0.13248733164797918,       0.09010834108119159,       0.12049736860384193,      0.005576598953688185,       0.10388803358366454,       0.07770406022451369,       0.11470038078686214
   70,    11,    12,    47,    61,    76,    97,   138,   152,   169,   189,   195,    70,       0.06433390568166127,       0.10262765632343039,      0.047709607773439744,      0.059165946703930494,       0.11103627093617699,       0.10046570615424537,       0.01027014253150846,       0.11203770644926463,       0.12208104723667011,       0.14638284575244945,        0.1238891644572231
   71,    11,    14,    19,    24,    54,    62,    80,    94,   129,   149,   162,    71,       0.11524316393979119,       0.12125038317780099,      0.038619377747603795,      0.013657566822323807,       0.21259657026277698,       0.12535032491502962,       0.18005020905273608,      0.033237429292116816,     0.0007398256599461466,       0.09163069867698316,       0.06762445045289134
   72,    11,     0,     3,    19,    44,    92,   100,   115,   134,   150,   183,    72,         0.144268744100064,       0.11677702835955213,       0.15306061107000482,       0.13398223528599004,       0.06041839411104828,     0.0013682802818878077,       0.06491913748052422,       0.02772198400852179,       0.19893700155545102,       0.03661862573210149,      0.061927958014854456
   73,    11,     4,    54,    55,    59,    75,   104,   107,   112,   126,   196,    73,      0.036962701905227956,        0.0893393530916744,      0.036081280666326015,       0.04152192826937462,       0.11923535456507309,        0.1333314999600991,       0.09046664303988045,       0.07744522142934346,        0.1072295263715436,       0.12955011203577912,        0.1388363786656781
   74,    11,    31,    35,    43,    55,   101,   134,   148,   149,   157,   180,    74,       0.12535144240444662,        0.0891360195199407,        0.1403053683662158,        0.1582869859942939,       0.01953691107738611,       0.12762317356138012,      0.028427537543400893,       0.06395843362994799,       0.11694047367403862,       0.08653676897548554,       0.04389688525346363
   75,    11,    16,    20,    41,    47,    56,   111,   151,   163,   169,   175,    75,        0.0608870393431965,       0.09324501853103324,      0.045268624438105684,       0.06364161690132825,        0.1535514082688228,       0.07335725857007763,       0.14716191982365132,        0.1039340470994446,       0.11316086535554712,       0.04471282596300551,        0.1010793757057873
   76,    11,     0,    14,    81,   108,   124,   125,   126,   153,   163,   166,    76,       0.04512796976921751,         0.188631565275748,       0.02279371727741818,      0.045928220069089636,        0.0944261651800952,       0.00533014926337982,       0.06276495784683007,       0.01011921538204487,       0.14406696374639438,        0.1947228410280098,       0.18608823516177236
   77,    11,     1,    41,    81,    86,    87,   112,   124,   183,   184,   191,    77,       0.01186461072708412,       0.17956870641079015,       0.13762853843178585,       0.06698154041848857,       0.08998116047358136,        0.1641560984678556,      0.028608251752146083,         0.089915379861479,       0.14204010649382726,       0.04017649743033275,       0.04907910953262927
   78,    11,    38,    46,    50,    59,    65,    73,    85,   142,   167,   169,    78,         0.156152572566329,       0.09378458611008567,       0.11159710706482183,       0.12536435163619505,       0.11259080025185832,       0.08869304352408834,       0.11387755937046369,       0.03832962434575873,       0.06575593382982096,       0.06651332321126649,      0.027341098089311965
   79,    11,     9,    36,    61,    73,    84,    89,    97,   112,   164,   186,    79,      0.034915440060303206,        0.0937717650041955,       0.16626354356884468,       0.10314989978615681,       0.07430096677681765,        0.1649674966215505,       0.09284922612961365,       0.10257459670014403,       0.07681009597027243,      0.053001034663185634,        0.0373959347189159
   80,    11,     5,     7,    46,    59,    68,   104,   132,   138,   159,   196,    80,       0.07859510567675161,        0.1146758859240938,       0.12027064730198715,        0.0580720214195169,        0.1183690406595439,       0.14436672758128238,       0.07348940372425271,       0.12626982234861203,       0.08488891323045145,       0.07142698223186263,       0.00957544990164514
   81,    11,    10,    63,    69,    83,   103,   110,   127,   160,   174,   191,    81,      0.013541076291342782,       0.14990561485546247,       0.03593473637164854,       0.09496267769552935,       0.12962220171703387,       0.08694908414091598,       0.12760132441989963,       0.06873720154326783,      0.026572972056052465,       0.11535232537763039,       0.15082078553121678
   82,    11,    16,    42,    44,    46,   110,   113,   139,   147,   161,   184,    82,       0.07234241392952387,       0.05153707330312804,        0.0189068332300114,       0.03969327113121854,       0.02476309112044221,       0.08820450504297032,       0.12240942575960514,        0.1348338855297055,        0.0706237716217365,        0.1910263948328624,        0.1856593344987962
   83,    11,     9,    22,    30,    37,    44,   140,   152,   166,   185,   196,    83,       0.11612031604205122,      0.030393892499493605,        0.0653722796511821,      0.061043703760231674,       0.09572368002742934,       0.08971372086808474,       0.10725226668814718,       0.03793289097966356,       0.16304346871932954,        0.1436914292979631,       0.08971235146642377
   84,    11,    11,    22,    35,    65,    70,    73,    83,   168,   169,   171,    84,         0.164692193507781,       0.16940774283767487,       0.04094721279483222,      0.022041553977987807,      0.032723599451872545,       0.03940231550946619,      0.007737763900666212,       0.05908093628775145,       0.09032090309170426,       0.19949074905268657,       0.17415502958757678
   85,    11,     5,    34,    55,    93,   105,   123,   144,   148,   152,   167,    85,        0.0691776392636865,       0.14687144506968386,       0.03612959579434919,       0.09533691280018168,       0.01560028322120926,       0.12052676742245567,       0.03938911203453998,       0.10454309504970392,        0.1222515383992478,       0.14644797841721005,       0.10372563252773209
   86,    11,    24,    37,    62,    70,    71,   105,   145,   164,   174,   188,    86,       0.16922756529506144,        0.1300867141684887,       0.05994445048847542,       0.14883528205715532,        0.1577208037679669,        0.1622190991312175,       0.10748300312924523,      0.003044101029168502,       0.03439888186620583,       0.01366768023847287,      0.013372418828542358
   87,    11,     3,    32,    45,    66,    92,    97,   124,   140,   168,   187,    87,       0.16130516175012782,       0.08944783957743668,       0.03339041504418953,       0.08258935036881296,       0.05179810975826422,       0.15510010906312374,        0.0566794301002606,       0.04506857369313078,       0.16157790741993117,      0.019742929101856103,        0.1433001741228663
   88,    11,     7,    31,    45,   112,   124,   133,   138,   180,   196,   199,    88,       0.06844207962880437,        0.1656305018188232,       0.07681608110704556,       0.01998842147813556,       0.03605910044705553,       0.08092312005310683,        0.2552337826856623,       0.08440213027256795,     0.0010446130106523497,        0.1273662391782084,       0.08409393031993788
   89,    11,     0,    36,    56,    67,    78,    80,   122,   143,   146,   160,    89,        0.1458076407054801,      0.020862081342273055,       0.07710833555202037,       0.07985562790651406,       0.08013589306914416,       0.09361106191523802,       0.14693176942846675,       0.13611797539154988,       0.03251942934998429,       0.10125851662406482,       0.08579166871526431
   90,    11,    26,    28,    40,    50,    94,   107,   120,   163,   165,   181,    90,       0.06600043470088615,       0.09394933208908977,       0.11311255831727245,       0.04938427381109788,        0.0431357497131201,       0.06338214695302298,       0.17363993537808886,       0.07812243796923814,        0.0579745929367709,       0.17924298705708863,       0.08205555107432419
   91,    11,     0,    52,    55,    64,    71,    80,   106,   172,   175,   185,    91,      0.020025580619404144,       0.14445497428721046,        0.0780628236900144,       0.12272749326725277,      0.040790038479028054,       0.03892919777657018,       0.10770890788965279,         0.139552283345573,       0.13680501599037084,      0.050966076960574494,       0.11997760769434883
   92,    11,    26,    28,    52,    87,    98,   136,   149,   158,   173,   198,    92,        0.1575939502829289,       0.13241242814969403,      0.016233117069262646,      0.011246844527266901,      0.013458726979021186,        0.1302237076409323,       0.21711569483596435,       0.11542841727571487,        0.0677734989746764,       0.09474538280994775,       0.04376823145459073
   93,    11,     7,    15,    89,    90,   107,   124,   127,   137,   150,   151,    93,      0.053129559644119466,        0.1414620563016427,      0.019182589095065723,       0.10184286236266411,       0.01703999668202977,       0.08778310272358306,       0.04033740731447588,       0.11103920297523744,       0.20963077980295314,       0.18557949010230632,       0.03297295299592227
   94,    11,     4,    62,    93,   105,   107,   123,   136,   170,   184,   185,    94,       0.07572267213758432,       0.06211252707923084,       0.15478186550162926,      0.041199428720921326,       0.13877218646781933,       0.07105312778958801,         0.116438878686085,       0.05717675968582029,       0.04923819005993406,       0.06817449757007746,        0.1653298663013102
   95,    11,    17,    38,    87,    97,   100,   105,   109,   116,   156,   178,    95,       0.10063670150985946,      0.022272637599062582,     0.0006348841578764704,       0.14806610194326694,      0.040166236582928325,       0.05725159948162653,       0.12575398662346854,       0.16227289197486358,       0.16677877034762667,       0.04543051146223071,       0.13073567831719018
   96,    11,    13,    45,    54,    97,   101,   140,   142,   151,   155,   193,    96,       0.03338907424793734,       0.13873653062910818,       0.06230316354383041,      0.007466035662570852,        0.1351811956846942,      0.008860807396739882,       0.03317140375972945,       0.15253552983544189,       0.17101958391365352,       0.08382846035985901,       0.17350821496643518
   97,    11,    33,    41,    73,    95,   160,   162,   178,   184,   189,   196,    97,       0.08402686498035268,       0.16212612689617578,       0.05372413320475549,        0.1407690820146922,      0.016515894503433683,       0.03731349170464501,      0.020564887106366486,        0.1652773661284556,       0.14142449076453875,       0.03323338269621884,       0.14502428000036552
   98,    11,     6,    31,    77,   116,   138,   158,   161,   162,   190,   199,    98,       0.07914114381065075,       0.16267431342406938,      0.032680126191532204,        0.0516990174708212,       0.06549747092357117,       0.11985288991081829,       0.18312996544065674,        0.0669463922833199,       0.12753068947060156,      0.054515652784270084,       0.05633233828968884
   99,    11,    12,    33,    55,    77,   104,   125,   128,   135,   140,   173,    99,        0.1263178256419972,       0.10910237408122173,       0.08719038821720022,       0.12982180989587896,       0.08222124008159339,        0.0591767495855238,       0.05598160783177307,        0.0616411551484183,       0.07058845981766783,       0.10608707345388764,       0.11187131624483794
  100,    11,     9,    23,    34,    70,   107,   122,   143,   152,   185,   197,   100,       0.07494272930515249,    0.00012028352819661743,        0.1610000989048831,      0.018645144602348823,       0.12368050241621299,       0.14015420371239912,      0.044196298867860605,       0.02292362772980794,       0.19925927841689883,       0.15105688504515719,       0.06402094747108236
  101,    11,    58,    59,    61,    73,   118,   129,   146,   152,   159,   190,   101,        0.0950564081634878,       0.06651930261063023,      0.006283350256099744,       0.11226574813721872,       0.13385049577780603,       0.14212288904807172,       0.11295876995875484,       0.03231827545950107,       0.13781788303429388,       0.13065446756970123,       0.03015240998443466
  102,    11,     2,    16,    20,    36,    61,   100,   104,   156,   180,   192,   102,       0.12130694148652008,       0.12260147567254809,       0.09941358205784424,       0.01468647710419531,       0.10922014721925402,       0.08681288750319145,       0.06184430621058251,       0.13318616510093076,       0.12854208934585737,       0.02067481544612143,       0.10171111285295467
  103,    11,    14,    19,    29,    48,    51,    85,   108,   136,   140,   175,   103,       0.10971940657860348,         0.159781797399435,       0.07474156567334993,       0.13916976723721172,       0.03592287338358948,       0.06487082881200876,       0.07441560884527566,       0.08352133795994304,        0.1383742987328688,      0.025795921852911144,       0.09368659352480295
  104,    11,     5,     6,    14,    30,    44,   109,   137,   143,   176,   181,   104,       0.19934962019184793,       0.19027590366926456,       0.07299273520083475,       0.12183523065682698,       0.07773599774489369,     0.0024010523551877406,      0.058285114868646085,       0.13456671038290138,      0.012464201985170726,       0.06665211235632354,       0.06344132058810253
  105,    11,    23,    31,    44,    47,    58,    90,    97,   116,   123,   166,   105,       0.08817829839341451,       0.10257658515614684,       0.09666113288802383,       0.14126604061764492,      0.056204046708213905,       0.12681829558604663,      0.030828783013237052,       0.14026438147548276,       0.03306740428620814,       0.14863100648261363,       0.03550402539296781
  106,    11,    18,    20,    46,    50,    60,    75,   120,   157,   170,   199,   106,        0.0935140629398226,       0.09799931363979335,       0.17181125178000864,       0.12051266527948218,       0.06399642159647217,       0.16950174738078114,      0.003742801057216274,      0.017291649489526283,       0.13944415841114516,      0.052569824502344806,       0.06961610392340745
  107,    11,    32,    34,    69,   133,   139,   157,   167,   174,   181,   187,   107,       0.05052486556909546,         0.074813415799701,       0.07465981386437823,       0.08256724839226376,       0.16114551455982795,        0.1597877869862687,       0.13801543317810583,      0.012545594849965978,       0.01914967068457206,       0.08039836955249786,       0.14639228656332304
  108,    11,     5,    36,    95,   115,   116,   153,   176,   179,   192,   196,   108,         0.153047495796699,       0.03732124290437544,      0.027902868542610842,       0.16216425871419507,       0.04608354636508205,      0.061113307616779036,       0.04959439447251337,        0.0922862270348449,       0.12008342715287508,         0.173247173193312,       0.07715605820671323
  109,    11,    23,    25,    32,    66,   107,   111,   160,   164,   175,   180,   109,       0.05135882704254197,       0.12376867782145795,       0.04376406391060762,        0.1569979784289241,       0.16798452670869152,       0.15044932606152261,       0.11981710310588266,       0.09166709883643812,     0.0037532457064361666,      0.062263639502367275,      0.028175512875130204
  110,    11,     0,    18,    79,    89,    98,   101,   137,   154,   172,   199,   110,      0.039978428146962855,        0.1163148899915417,       0.15098695773333948,       0.15766917736155314,      0.040476005755662806,       0.09495832816950926,       0.06843960598440903,       0.08288818765932628,      0.014234927757985152,        0.1405319231720287,       0.09352156826768158
  111,    11,     0,    42,    70,    77,    82,    86,   103,   141,   162,   171,   111,      0.012565235459767744,       0.14761522704590632,       0.09751711998955012,       0.04603165535637888,       0.12081271430836346,       0.10767584051478499,       0.04596328886409795,        0.1568698942691547,       0.09506749432497086,       0.13889580272243263,        0.0309857271445924
  112,    11,     7,    18,    28,    44,    49,    50,   114,   150,   164,   172,   112,       0.10509696297138026,       0.06943826401220002,      0.056329955277600166,       0.08678544851706603,       0.12215200502863946,      0.026513909484394613,       0.09065676808181354,       0.13536238391302663,        0.1831506953510013,       0.05378408982642368,       0.07072951753645434
  113,    11,    29,    32,    58,   127,   143,   144,   154,   179,   192,   198,   113,       0.15584419455581672,      0.022000822814661793,       0.17832278287219291,       0.06471999781887634,      0.012789870827707432,      0.006847940920617216,        0.1728518556793588,       0.07584283958738439,       0.11016385144251797,       0.07440494206371823,       0.12621090141714814
  114,    11,     1,    36,    37,    43,    60,    71,    83,   136,   172,   186,   114,       0.09143709500585435,      0.017960891321633782,       0.06831480135140124,        0.1510015176971844,       0.08004429474164183,       0.03312993284801064,       0.11436344511928928,       0.08482480826157868,       0.18106888845011385,       0.08459292172793287,        0.0932614034753591
  115,    11,     8,    61,   101,   113,   126,   130,   151,   161,   187,   199,   115,       0.06473018894157023,      0.043128963130665374,       0.13623836188041427,       0.12209072931375903,        0.1134792773850911,       0.13809864289082002,       0.03613360606181105,       0.13204762136261106,       0.10351096897028382,       0.07498586915557047,      0.035555770907403465
  116,    11,     6,    53,    54,    64,    67,    69,    79,   105,   108,   129,   116,        0.1268391325028583,       0.13971178555505495,       0.17283225141482975,       0.14262664895670835,       0.06468614201743442,       0.05269114937968891,       0.07585704124286839,       0.07832893216662792,      0.030294917611630185,       0.04150279244406884,       0.07462920670823002
  117,    11,     0,    18,    36,    69,   119,   130,   155,   166,   178,   184,   117,       0.07504271835511424,       0.10439777679922571,       0.11120239336540182,          0.13117463508847,      0.003514688407764679,       0.05100445325508313,      0.040287006770897166,       0.14174971298849573,       0.05496821950679498,       0.14074637274953347,         0.145912022713219
  118,    11,    23,    57,    66,    81,    97,   110,   121,   166,   175,   186,   118,        0.0215395015480026,       0.16878391954307317,       0.07727348243474579,       0.06602362402598892,       0.06941424199093707,       0.08091452828864963,       0.11549674185434729,       0.11738631038354178,       0.08277784400361596,      0.026432617427194452,       0.17395718849990338
  119,    11,     9,    18,    23,    50,    77,    99,   106,   108,   130,   186,   119,       0.11196046098943176,       0.11352123691275193,       0.10190655559297422,       0.04064219389539243,        0.0820865522057965,       0.12127913816858575,       0.10997651243405517,      0.038460084969455535,       0.07766189039481633,       0.10099692103921024,       0.10150845339753001
  120,    11,    17,    27,    55,    56,    73,    90,    91,   114,   145,   188,   120,       0.11653283725930169,       0.00477948983134842,       0.03459889573705552,        0.1300579944369043,       0.06625674675525708,       0.15311719430602513,        0.0941258464429259,      0.008514781161843355,        0.1781605447054139,      0.051071686099255546,       0.16278398326466895
  121,    11,    40,    67,    72,   100,   126,   127,   142,   146,   153,   175,   121,       0.10775086383910776,       0.12289927760269902,      0.037598987499882656,       0.10005313127847504,       0.10526704238607827,       0.09301064352011479,       0.10008740292066749,       0.03392157226195529,       0.11239151964303806,       0.11537081372214077,        0.0716487453258409
  122,    11,     4,    64,    67,    76,    84,    93,   100,   132,   138,   191,   122,       0.06235583868054051,        0.0661989522526785,       0.05467219476063246,       0.11217647025746343,       0.09812650272654753,       0.11768628411098543,       0.10124211868740327,       0.11011308666472827,       0.09707943812134241,       0.06540306825702466,       0.11494604548065346
  123,    11,    28,    61,   103,   105,   113,   118,   133,   139,   154,   191,   123,       0.03192815989160906,       0.11940528718699181,       0.05319150562383735,       0.01814060801689868,       0.15390373544015823,       0.10698215796737356,       0.16646137615849912,       0.06705739025200012,       0.13527520413059155,       0.02802154462087718,       0.11963303071116345
  124,    11,    29,    30,    34,    56,    57,    82,   125,   137,   145,   159,   124,      0.048659112981765756,       0.08957433080517614,      0.050945169819461865,       0.10349789291353291,       0.09658791615099539,       0.06506478287957083,       0.11224677851532787,       0.15058031849574252,       0.12995411095431825,        0.1433800328534648,      0.009509553630643706
  125,    11,     3,    34,    40,    58,    60,    62,   112,   147,   157,   176,   125,       0.11736500048698642,       0.17072408951156282,      0.025687616490283862,       0.06315597877870002,        0.0975375326949388,       0.12414519052647034,       0.04612883683402187,       0.16198951605148112,        0.1145798126919445,     8.826077315635654e-05,       0.07859816516045383
  126,    11,     9,    31,    48,    52,    76,   113,   120,   140,   188,   193,   126,      0.025499585318350164,       0.08749111478531274,       0.04692233160639301,       0.08616729846199322,       0.11482818381516206,      0.028896112150952627,       0.14641057508654323,       0.11646974058907683,       0.14477662821506684,       0.07693392586304963,        0.1256045041080996
  127,    11,    13,    14,    18,    19,    35,    36,   106,   128,   185,   193,   127,       0.05443890023525859,       0.10667817159362554,      0.008981192310612443,         0.137240587677098,        0.1677810125108848,      0.011829274484468397,       0.07656899733367895,       0.17004438565193622,       0.10275113175863403,       0.08108640762150149,       0.08259993882230143
  128,    11,    27,    66,    85,    95,   109,   112,   116,   132,   138,   163,   128,       0.11276901020948511,       0.07787613838818022,      0.002417981816312581,        0.1499385467412536,       0.10793635056041762,      0.027802149200756923,        0.1467434878432694,       0.09034166624100504,       0.11204627917546434,       0.11527377347437866,      0.056854616349476424
  129,    11,     1,    33,    55,    63,   110,   126,   142,   147,   172,   183,   129,       0.09904428212015694,        0.0189563008369228,       0.08512249119847193,       0.02999910532731521,       0.07037871966880055,       0.09800554030091942,        0.0867693785301995,        0.0990317219216911,       0.08332842721055794,         0.162312612250527,        0.1670514206344375
  130,    11,    14,    37,    39,    47,    64,   100,   122,   163,   167,   180,   130,      0.013915794969618143,        0.1392307070995815,       0.12409820039036185,        0.1198448506441722,       0.02578450192245041,       0.07608477107493068,        0.1420433724160406,       0.02930350201577867,        0.1313303355316223,       0.11105900072439337,       0.08730496321105022
  131,    11,     7,    19,    50,    64,    72,    76,    91,   112,   154,   178,   131,       0.08343761419694769,       0.08748367845605545,       0.09974130865665501,       0.06659148769311672,        0.1256645917767849,      0.046761548537006176,       0.08807914649009553,       0.08227246887037228,       0.11154267515232709,         0.093752330425946,       0.11467314974469317
  132,    11,    41,    70,    73,    87,   106,   131,   135,   170,   171,   191,   132,        0.1938964816745329,       0.03445728775606643,      0.023058905319391955,       0.22586600915915397,      0.024194842992572536,     0.0010314533714490014,       0.05141198432207272,        0.1602850486854495,       0.22955422499859188,       0.03855894640639818,      0.017684815314320812
  133,    11,    38,    58,    98,   137,   146,   167,   180,   190,   191,   198,   133,       0.02830246407215543,        0.0771034491553823,      0.001103091024072013,       0.18191014602408567,        0.1549378242042168,      0.056991560985963974,       0.09209373184167317,       0.07195243201951072,       0.08810371003600342,      0.028894811010170073,        0.2186067796267664
  134,    11,    34,    40,    71,    84,   109,   112,   142,   151,   187,   189,   134,       0.01839767775693638,      0.025783145786602835,        0.1984480974943515,      0.062276356527563616,        0.0751111854042939,       0.15699701460708487,       0.15201311064770212,       0.03235110914136133,       0.19761245190567914,      0.017211750923490653,       0.06379809980493384
  135,    11,    14,    27,    28,    31,    45,   103,   125,   143,   164,   178,   135,       0.13382518889115708,       0.11252016248694469,       0.09693832802142614,       0.12592202892443838,       0.04653570983083998,       0.01458895196194874,       0.13558683386078926,       0.03517456935294709,       0.13334393726617794,      0.024185368132040277,        0.1413789212712905
  136,    11,    31,    35,    62,    92,   114,   122,   135,   147,   190,   196,   136,       0.12267220700127507,       0.04399684325278458,      0.031638954489739135,       0.10148251702868193,       0.03367356447481324,       0.13853956799959644,       0.14315112527108292,       0.15237781436676467,       0.13281916683117148,       0.05452126836208913,       0.04512697092200153
  137,    11,    52,    77,    88,   100,   112,   115,   141,   167,   169,   191,   137,       0.02253454336963999,       0.10238416644975862,        0.1308300783485877,       0.12411509776720442,       0.04988762104066833,       0.00965241197655828,       0.14183305536029645,       0.14662989634099335,       0.10343610968599218,       0.07772330157685044,       0.09097371808345031
  138,    11,    32,    90,    97,   110,   112,   124,   134,   147,   189,   192,   138,      0.030461596412894563,       0.14262317271383448,       0.02841539619966243,       0.10541163085709919,       0.16065117366279824,       0.08982939096993779,        0.1568422060922247,       0.09140471186533404,        0.0448823338283556,      0.056725771548670915,       0.09275261584918813
  139,    11,     7,    21,    48,    60,    63,    71,    87,    89,   171,   189,   139,       0.13335932974851414,       0.18063213107601406,       0.18021009786765188,      0.025069801343459784,       0.02440658682070805,       0.12090146044761602,      0.056539543222730713,       0.09994120206219545,       0.09008379953759664,       0.04435511965249683,       0.04450092822101664
  140,    11,    40,    48,    69,    89,   101,   105,   112,   114,   136,   148,   140,         0.137236677396127,      0.027183271501748936,       0.02682968460648633,      0.030196775563373943,       0.09131053150113541,       0.12581680659393185,      0.062177162202523534,       0.14990418698941166,       0.07969480002519434,       0.12291542371152588,         0.146734679908541
  141,    11,    15,    38,    49,    86,    92,   111,   119,   121,   127,   197,   141,       0.09938951230362106,       0.08672769135099556,       0.10625458342300134,       0.08216156680769944,      0.049288729514627046,       0.07641637231980115,       0.17760723365452394,       0.07311224607217238,       0.14910909310509043,       0.07942241983972476,       0.02051055160874293
  142,    11,    26,    39,    45,   123,   130,   131,   133,   148,   155,   175,   142,       0.11613008126973506,        0.1374806974644564,       0.12187108771188342,      0.058587064335227784,       0.04469283927470492,       0.14167580228567914,       0.06321239237419807,       0.08369799554301861,      0.017044099963903367,        0.1280779350829058,       0.08753000469428751
  143,    11,     0,     4,    13,    61,    68,   102,   105,   123,   157,   180,   143,       0.09808061698696449,       0.02480319873744857,       0.06336037975673256,      0.015477576529346969,       0.00914389806557453,       0.08810851261807667,        0.1024043471103668,        0.1745739782644106,       0.10008648207375427,      0.054255038795706756,        0.2697059710616178
  144,    11,     4,    18,    63,    64,    94,   107,   113,   130,   157,   193,   144,      0.021566771183189032,       0.05481364550756847,       0.13956164346253017,       0.09241162706739207,       0.16843596685852333,       0.08159477822665066,       0.04352615413192691,       0.12722014891836758,      0.057649461495133114,       0.18077546046726736,      0.032444342681451244
  145,    11,     7,    45,    57,    58,    60,    86,   102,   144,   176,   187,   145,       0.06564689232727329,       0.10629277014324691,       0.16372955491026997,      0.009380375437672088,       0.06054724932550775,       0.14126624887352918,        0.0547112230944464,       0.13395449879373525,       0.10708258047750381,       0.01711373089656716,       0.14027487572024816
  146,    11,     8,    36,    49,    59,    72,    75,   141,   145,   161,   169,   146,       0.02165365462539498,       0.04530829100520979,       0.09899184664925349,       0.24814744631112762,      0.061488084516861774,       0.04398912505563912,       0.07665810873618921,       0.04406360559861997,      0.056150796804726816,         0.174356097613591,       0.12919294308338625
  147,    11,     3,    24,    49,    54,   128,   153,   165,   181,   183,   196,   147,       0.08516895231695316,       0.09191582378511626,         0.152510723502203,       0.04986374600996816,       0.07965538461986245,       0.08112301342901379,       0.09011491397151043,       0.11251500994178866,         0.126494266586007,      0.046413569032855755,       0.08422459680472133
  148,    11,    24,    25,    99,   100,   122,   144,   159,   174,   197,   199,   148,       0.14628469491966706,        0.1069371207662616,       0.12806456698396726,      0.017221139668105144,       0.13564078058296034,       0.06018319872305398,       0.14260542480513988,      0.022024833456787008,      0.016342670086466927,       0.14586658353348614,       0.07882898647410469
  149,    11,     9,    34,    42,    46,    80,   126,   127,   128,   137,   184,   149,     0.0013235317518960636,       0.15340287673378802,      0.031686776847825913,       0.09558242442233077,       0.13653540811593975,       0.14795105358764263,       0.14304206004080042,        0.0631933130638336,       0.02437770018511324,       0.08225232082552535,       0.12065253442530435
  150,    11,     8,    14,    19,    53,    74,   144,   146,   187,   193,   196,   150,       0.16493025182556334,       0.02828945596284731,       0.19211202976060257,       0.04421526910640813,      0.007679501641138094,        0.1300058769292855,       0.07943267786462317,       0.20760588607424468,      0.016925187335307644,        0.0679576954840427,       0.06084616801593705
  151,    11,    10,    46,    64,    99,   112,   132,   149,   156,   163,   183,   151,       0.14132618097042463,       0.03478876596784165,        0.1293601985849764,       0.13750173912355465,       0.13314574882367985,      0.058854839793497246,       0.07262718153188255,       0.03110515894334341,       0.07363915759711513,       0.07930878580512979,       0.10834224285855482
  152,    11,     0,     8,    15,    46,    60,    64,    85,    98,   122,   191,   152,       0.08923278712422716,       0.06853130190534763,        0.1115601766093549,     0.0075394866115429705,       0.12028738731342402,      0.010984525027986082,       0.12573184855110428,       0.11669619815262104,       0.10513006148593536,       0.13005090056595495,       0.11425532665250161
  153,    11,     4,    16,    54,    59,   117,   122,   156,   159,   182,   189,   153,       0.11447464826842446,       0.05130556968659095,      0.029627660806373822,       0.13946389776448326,       0.04838300949194533,        0.1236701502652314,       0.14682664836469037,       0.03018790958695903,       0.15982729567422166,      0.012009975048826246,       0.14422323504225337
  154,    11,     5,    67,    90,   133,   148,   150,   158,   160,   189,   190,   154,       0.06690185671955225,       0.11065784750230938,       0.16643661682926242,       0.14774932332575733,      0.005486349064385352,      0.024050634538608694,       0.14565951563074675,      0.030547549431631685,       0.12935559002953836,       0.12564493055254605,      0.047509786375661694
  155,    11,     1,    17,    47,    60,    75,    87,   100,   123,   143,   177,   155,       0.10984177594875517,       0.09141342336717978,       0.09648735676331995,       0.08405787221402526,       0.05154258841803962,       0.12097083339438568,       0.11731189741929553,       0.03566634897831419,       0.09144099236682178,       0.09197322375665987,       0.10929368737320332
  156,    11,    31,    32,    51,    56,    75,   122,   164,   175,   186,   198,   156,      0.005500306399229252,       0.13068203103897255,      0.056755679397084535,       0.21056202066381882,       0.03948502985157292,       0.17176629967758517,       0.05902465054380172,       0.04150792729320033,       0.16446540163393913,     0.0033431284370438537,       0.11690752506375171
  157,    11,     9,    16,    19,    61,    85,    87,    88,    95,   176,   186,   157,      0.005465248485445155,      0.003474852512077401,      0.012890780358666842,       0.10793120983809003,       0.13008571925293136,       0.16916200892516575,       0.12114980868474795,       0.10739140978661643,       0.16609539743565013,       0.08195255098854995,       0.09440101373205903
  158,    11,    25,    52,    54,    63,    66,    96,   128,   169,   170,   182,   158,       0.12326095393420204,       0.12837078401008892,       0.07779418876479517,       0.02904385054674085,       0.07559467193436813,       0.11249936743290462,       0.06807396098446546,       0.11783676123189564,        0.0546323819613406,       0.11791054036524064,       0.09498253883395798
  159,    11,    30,    42,    69,    76,    77,    88,    98,   103,   104,   113,   159,       0.06604917946376099,       0.09974672073602563,        0.1387010883894802,       0.13823819565906367,       0.08302848891441271,       0.04866692218912378,        0.1343679830347778,      0.005311109831693551,        0.1261032370991663,       0.09948958603591292,      0.060297488646582686
  160,    11,     3,    25,    43,    52,    62,    64,    82,   112,   193,   194,   160,       0.12353552561332215,      0.027117680743533604,       0.07464556629407706,      0.021203001801950495,       0.07859794719924734,       0.16966042350779398,       0.10494087088437527,       0.17014132892243874,      0.004714223264471436,       0.10503702650935313,       0.12040640525943705
  161,    11,     1,     3,    27,    74,    99,   120,   131,   149,   164,   181,   161,       0.14272901625894738,       0.12374172962403723,      0.034688236447815005,        0.1370391736429877,        0.1337524111880436,       0.11562957195848776,       0.09288645850701205,       0.05139220311900977,       0.04711254505108551,       0.04628202361078279,       0.07474663059179137
  162,    11,    27,    36,    45,    59,    84,    85,    86,   163,   173,   181,   162,       0.09064449671441631,      0.019691640270898845,       0.11108860769669515,       0.05377181500230813,      0.018537341544565003,      0.054521117359441026,       0.25045685384970756,       0.14038540883269016,       0.09341183780344847,      0.019027838884513388,         0.148463042041316
  163,    11,     7,     8,    25,    69,    85,    92,   100,   110,   125,   144,   163,      0.012043107903201348,       0.10914212529567283,       0.04929190776417501,       0.10522846314887464,       0.11033276018120448,       0.14936772974917226,       0.09182805059133335,       0.11998689436191208,       0.07500291396046053,      0.026040897030627216,        0.1517351500133663
  164,    11,    45,    50,    98,   102,   120,   132,   170,   180,   184,   187,   164,       0.07191133211581895,      0.038303422182777616,       0.07217411999000099,       0.13194484854364558,       0.08028582475287245,       0.09498090157415015,       0.07878753720367633,       0.09595641988458851,        0.1450658559017655,       0.14475341573593756,       0.04583632211476637
  165,    11,     5,    16,    23,    38,    44,    55,    60,    94,   188,   194,   165,       0.02391077875984614,      0.039032567286759176,       0.13272455887690224,        0.0942118659925295,        0.0904951941781375,        0.0622573672852051,        0.1462056163591691,        0.1543995493009124,       0.13717812681341635,       0.03653207907260735,       0.08305229607451514
  166,    11,    42,    45,    47,    52,    68,    87,    89,   118,   157,   177,   166,        0.1321133686167079,       0.11166887132280219,       0.08340334069128533,       0.10736072008926795,        0.0746060528555975,      0.060782370532328385,       0.12054618077217477,       0.15462698514048365,      0.038219451458428845,       0.07186247614720308,      0.044810182373720454
  167,    11,    23,    29,    30,    40,   146,   163,   171,   173,   178,   187,   167,       0.02304980471053712,       0.12464623175430987,       0.07680247421679305,       0.07734424146833631,       0.09006152701696074,       0.08843430188839355,        0.1010525722154934,       0.12016059902738696,       0.07363677838896135,       0.12336441644563033,       0.10144705286719716
  168,    11,    12,    27,    33,    72,    80,    81,    82,   171,   175,   195,   168,       0.10235980335375897,       0.07443726080801323,      0.041965604515502075,        0.1542253636900012,       0.10499746123665131,       0.12636638641224535,      0.041777151945594365,       0.11063397054810613,       0.08959532679376205,      0.011674600599978952,       0.14196707009638637
  169,    11,    10,    38,    76,    86,    87,    94,   120,   156,   160,   172,   169,       0.06541914910982438,       0.09697023211787896,       0.15437952671804067,       0.14719398765985522,       0.15377803215108168,       0.02917005471223557,        0.0200890943808861,       0.10078612319215664,       0.08240137282048374,       0.07552187043464804,       0.07429055670290893
  170,    11,     7,    10,    37,    60,    74,    84,   123,   145,   150,   179,   170,      0.009241031772805396,       0.09133783007981992,       0.15119446427866895,       0.13890647578112975,      0.051422797020101066,       0.11848509988667866,       0.11217844147852586,      0.006645025166550273,       0.07718092335076195,       0.14666379880228728,       0.09674411238267101
  171,    11,     1,    10,    23,    33,    63,    79,   101,   112,   158,   182,   171,       0.08784944659813901,       0.10550551335662964,        0.1234576854210001,       0.09120290945274907,       0.10461850517908124,       0.09600859777579054,       0.10427536185025368,      0.053837335769350354,       0.10189979269953761,       0.11928029013165699,      0.012064561765811749
  172,    11,    64,   124,   131,   132,   135,   141,   151,   158,   160,   196,   172,     0.0009841029625279607,       0.09735363190439249,       0.12461827271185204,       0.11496647292686567,       0.16197623487188886,        0.0020653816528088,       0.15791072536567707,       0.12512720437138947,      0.006990521538496182,        0.1572158753201214,       0.05079157637397986
  173,    11,    18,    41,    51,    57,    65,    79,   103,   137,   162,   178,   173,      0.013706780581274045,        0.1834990126348989,     0.0024388855356991747,        0.0984771224394901,       0.11256897859116732,       0.16732316591216545,        0.1157461863207804,       0.12307565065039576,       0.08457692803866529,        0.0907094853076716,      0.007877803987791917
  174,    11,     8,     9,    10,    42,    62,    82,    98,   149,   165,   171,   174,       0.17003286401158516,       0.01878129040744467,       0.06222116968592417,       0.10344923185258631,      0.049817835058256286,       0.12234664101059128,       0.07784884177022232,       0.15839190774836148,       0.13016831546545246,      0.041786248500690085,       0.06515565448888569
  175,    11,     6,    29,    48,    59,    60,    70,    88,   117,   151,   157,   175,       0.08239653084295137,      0.019455568888789656,        0.1540138625944559,        0.1371664020967877,       0.08231687092123792,       0.07692855142834161,       0.08677729924309724,       0.11010021876549533,       0.07530971857662884,       0.03442220762690954,        0.1411127690153049
  176,    11,    44,    55,    61,    83,    92,   110,   117,   145,   155,   181,   176,       0.10666623993652116,       0.16930447688785158,       0.09788775245206524,       0.08607331732432398,       0.06526288931050603,       0.06885968624250913,       0.10247360292336749,       0.10049153537597606,       0.03335519287606467,       0.10830926272058729,      0.061316043950227155
  177,    11,    44,    50,    56,    66,    84,    87,    91,   139,   142,   165,   177,       0.08496852397614857,        0.1019821711253939,      0.019175049208977262,       0.13755035705189833,        0.1019632428308053,        0.1451653434130291,       0.02395475836930396,       0.04961667759732498,        0.0997641021899916,       0.11780832154511807,       0.11805145269200884
  178,    11,    22,    26,    52,    73,    93,   128,   155,   161,   174,   188,   178,       0.04128032685115846,      0.059232882971388574,       0.16449485793829946,       0.06784210490302747,       0.16658327686837282,       0.04338664322162236,        0.1336402308913857,        0.0848720483415622,       0.08139220275553123,       0.02921269384938684,         0.128062731408265
  179,    11,     4,    28,    37,    41,    74,   118,   146,   176,   184,   186,   179,       0.04231380615378327,       0.10866605798546802,       0.08353493984029674,       0.07354334860238115,       0.10370121685074667,        0.0899120708042763,        0.1001172787978809,       0.10400750687638337,       0.10837220594732652,       0.06497342239299171,       0.12085814574846533
  180,    11,     9,    77,    91,    94,    96,   107,   121,   176,   182,   194,   180,       0.07598422734659437,       0.05219915947293648,      0.030679913155647155,       0.14836778604307002,        0.0810105189208794,       0.06884580224420438,        0.1596441560328239,       0.11585595000044868,       0.03913604809789524,      0.058812677742591316,       0.16946376094290894
  181,    11,    16,    18,    51,    71,    90,    96,   117,   130,   161,   184,   181,       0.10865698111303089,        0.1042837295901596,       0.02627293120626067,       0.13049794074095816,      0.037537746061523304,        0.1605304430447976,       0.05952591514587481,      0.032083572464648956,       0.15157899921692355,        0.1871379496037289,      0.001893791812093637
  182,    11,    14,    30,    62,   108,   127,   131,   151,   166,   188,   194,   182,       0.13173574426816836,       0.10377158073098822,      0.005772018227937894,       0.08064191079447512,       0.12448466236415726,       0.09855898627475791,       0.10516567716415784,       0.12885525494609718,       0.08656267595532378,      0.025950696003583032,       0.10850079327035343
  183,    11,     9,    46,    53,    71,    81,   105,   144,   171,   190,   191,   183,       0.13216299541343457,       0.17438568923367964,       0.19319169243858567,       0.03768964080836068,       0.13620479805892083,        0.1079335767856666,       0.10814949829004356,      0.059803631056831195,      0.014735162269844516,      0.010029293584325258,       0.02571402206030742
  184,    11,    30,    99,   112,   124,   138,   155,   163,   171,   175,   192,   184,       0.02869712053262087,       0.03908797597530493,       0.08045144512680874,       0.08157704637682642,     0.0004423700301763426,       0.15189422862254165,       0.16253490712150137,       0.12467674414254133,       0.12438079043295742,       0.14217705543049608,       0.06408031620822487
  185,    11,    32,    83,    85,   100,   103,   123,   126,   152,   153,   188,   185,       0.11928816401011898,       0.10455198487478809,      0.005315225148811119,       0.10839021934423612,       0.16670734638525653,       0.02108631179058371,         0.137061997769538,      0.043946807188235695,       0.14892299798599998,       0.08799596804599118,       0.05673297745644057
  186,    11,    20,    37,    45,    48,    68,    77,    88,   112,   124,   184,   186,       0.06484862481936628,       0.12387565813174117,       0.16986088581531658,       0.14297015112972408,       0.04928160486482847,      0.014376682434939543,      0.026970275724557274,        0.2091183289055253,       0.08574464002362552,       0.09632803851598758,      0.016625109634387982
  187,    11,    65,    86,    90,    92,   102,   107,   120,   121,   156,   170,   187,        0.1356154600928317,       0.03834146443296771,      0.020562942636099358,        0.0160596773478854,       0.06684028807777803,       0.07451941024996671,       0.08835056597107045,       0.13959761608954635,       0.15586544836960178,       0.13592987889362748,        0.1283172478386249
  188,    11,    26,    37,    49,    54,    55,    56,    75,   104,   159,   165,   188,       0.06684706526296182,        0.1355076043980812,       0.13711197307682463,       0.09891896973622756,       0.08298180424181316,     0.0031875186966216183,       0.07321742523342312,       0.14760384643247096,        0.1518426886231641,      0.018841066762888995,       0.08394003753552283
  189,    11,    31,    37,    52,    61,   110,   120,   124,   142,   148,   194,   189,        0.0989955833934873,        0.1739450885597322,       0.20766309709733594,       0.04784998325989121,       0.09566862168193206,       0.09264654155609038,      0.001282100596711421,         0.112188672935114,      0.009654047418388394,      0.016545318070992944,        0.1435609454303243
  190,    11,     0,     6,    19,    31,   108,   135,   167,   170,   195,   199,   190,       0.16582467458533182,       0.13328117632656372,        0.1582771289246603,       0.05811054873207782,       0.07996952653273341,     0.0024182597348363496,       0.06920383166926244,      0.018408379713460685,        0.1065560041983148,        0.1684880426259534,       0.03946242695680521
  191,    11,    20,    26,    86,   125,   159,   171,   172,   185,   187,   197,   191,       0.08154191844896905,      0.048308471201145044,       0.15240982650034612,       0.09056613524375375,       0.02044196699468079,       0.16449932610373205,       0.15013246469131133,        0.1341584296969078,       0.14743696623192212,      0.010323409820478847,    0.00018108506675299922
  192,    11,     3,    31,    60,    80,    92,   109,   123,   133,   172,   180,   192,       0.09481596942378115,       0.09971729128115288,       0.08597524157345994,       0.10507142155330448,       0.12188654387071596,        0.0071923936527188,       0.12505347669091907,        0.0824046423698026,       0.12339514145746772,      0.043007992392869704,       0.11147988573380764
  193,    11,    28,    31,    36,    49,    51,    65,    88,   132,   141,   199,   193,       0.18066589941768765,       0.16313074762092858,        0.1482340013292198,       0.08235470973761237,       0.00614372090679157,       0.13754647197533643,       0.11422549864878276,      0.010924313750308286,      0.018632362648654657,       0.07544520130221301,       0.06269707266246495
  194,    11,    13,   109,   110,   111,   118,   123,   172,   177,   192,   196,   194,       0.14991969535811434,      0.030834946480578187,      0.026672746438678823,       0.04122990204610728,       0.07713203372341806,       0.16469700042088617,       0.04659287829795633,        0.1472517282012674,        0.1472210403874137,        0.0734649882199641,       0.09498304042561577
  195,    11,    29,    49,    76,    77,    89,    90,    95,   120,   153,   158,   195,       0.15440245244830134,       0.12309695162822445,       0.03376990443687852,       0.15207238845875626,         0.129315577199814,      0.034926482319531486,        0.1397745272548372,       0.06487781743769207,       0.03904718189039673,       0.09791854407283507,      0.030798172852732585
  196,    11,    13,    21,    79,   103,   114,   140,   141,   148,   190,   198,   196,       0.11251276191617049,       0.10109705753337808,       0.05761301045817172,       0.03336129421620812,       0.16367215589425765,      0.009385746229809118,       0.05880493016536139,        0.1639109801135485,        0.1311742228335686,       0.15354248431562648,      0.014925356323899837
  197,    11,    20,    40,    42,    51,    89,   109,   128,   143,   152,   193,   197,     0.0023419033150370526,       0.03486549847009403,       0.21001445796011056,       0.10248466901929829,       0.09578825493599186,      0.023311495610140984,        0.1268064268663201,       0.09781722134756905,       0.14553465982631364,       0.08790147298332085,       0.07313393966580373
  198,    11,    18,    20,    39,    61,    62,    78,   143,   153,   156,   159,   198,      0.042836385096039625,       0.06045616347482711,       0.10743659535610595,       0.04651236329670545,       0.12673554062357562,       0.05039708821199102,       0.13035785505749328,       0.12742818588900326,       0.09943872558678833,       0.12772091225781362,       0.08068018514965664
  199,    11,    50,    63,    77,    81,    83,   124,   127,   160,   175,   196,   199,      0.024733939111369348,       0.03516195185607239,      0.060823458911865864,      0.048483722920100863,       0.17679486789574078,       0.15466552774044903,       0.16870956194165948,       0.19384810619534634,       0.04366459721336435,      0.017269585933747316,        0.0758446802802842